6.883937272190084056e-02
5.602416239985196222e-01
3.243537450218447749e-01
5.848447829111190488e-02
4.175517631427105858e-01
1.239023807567079388e-01
9.872933054100156980e-01
2.519612509135563672e-01
4.193340659262359549e-02
2.304127210724680186e-01
8.128857749990607839e-01
6.210078789622217738e-02
1.540195478206458635e-01
2.117166513048778231e-01
8.635066076855517636e-01
5.148282265251163253e-02
2.490627124570496953e-01
4.584875785217667477e-01
8.721957239096180814e-01
1.621044780415445696e-01
2.106486045220894998e-01
3.454002193711536856e-02
2.882705238518091795e-01
5.169235313706291857e-01
1.162629711705089330e-01
3.715151804920883150e-01
2.952958704905689902e-01
2.485324575056261850e-02
2.175873285120871400e-02
1.384153359172601849e-01
3.369385957066960147e-02
8.888053277546567599e-02
3.196613427152863313e-02
2.665703443298295117e-01
8.088768495802258762e-01
4.777425571715203656e-01
6.244027967651541444e-02
7.427454205485539696e-01
1.283801225900419174e-01
4.311938944833201143e-02
2.877462502924830190e-01
6.862624637447333198e-01
8.814429929952098675e-02
9.594477591390301874e-02
7.572640015444281891e-01
3.472130695899878355e-02
2.258390393794533768e-01
7.910966305587809055e-02
6.193535640963267891e-02
3.649412180473801115e-01
9.452745880556391311e-01
2.546063673622523948e-01
8.967044614478917319e-01
5.992444832232898255e-01
6.328756586138575280e-01
9.332731042839003122e-01
4.622048027975221296e-01
4.023340062650375692e-01
6.403028259088128227e-01
8.162532757289404639e-01
8.167173501458343532e-01
7.061522998874832924e-01
1.867620570345351894e-01
9.125370429465665678e-01
8.545579620364822659e-01
7.976761831496919086e-01
7.882652657760814696e-01
8.869606653396258089e-01
4.725732048558299314e-01
8.451869202898146805e-01
9.642785741984862824e-01
3.772555961944620284e-01
6.645312261205988946e-01
5.553966726827975764e-01
7.811332493201125216e-01
9.052159131313419760e-01
8.830093959024400974e-01
6.446565862441949735e-01
9.507066988048293865e-01
3.103460926138635889e-01
1.659922431925724695e-01
9.924846098399421335e-01
8.283642094570993208e-01
9.169060653881595524e-01
6.180552885921331008e-01
8.433156151845169202e-01
8.267252943901907125e-01
6.781729877784857807e-01
7.441550823592965047e-01
9.697712341815527548e-01
3.006864592199103847e-01
6.045700836567252656e-01
5.720228145250312313e-01
6.429795392108864638e-01
7.547487765921455649e-01
6.889427896822277742e-01
7.382742697227883122e-01
7.189431605869576192e-01
9.430509415648383742e-01
5.091865690887612539e-01
